
g[0][0]=-0.644966; g[0][1]=-0.651033; g[0][2]=-0.400218
g[1][0]=0.615768; g[1][1]=0.779263; g[1][2]=-0.11653
g[2][0]=0.85782; g[2][1]=0.169652; g[2][2]=0.485143
g[3][0]=0.0110108; g[3][1]=-0.935533; g[3][2]=0.353069
g[4][0]=0.0676742; g[4][1]=0.678588; g[4][2]=-0.731395
g[5][0]=0.211306; g[5][1]=-0.274053; g[5][2]=0.938214
g[6][0]=0.0720947; g[6][1]=-0.175514; g[6][2]=-0.981834
g[7][0]=-0.974476; g[7][1]=0.211331; g[7][2]=0.075731
g[8][0]=0.840805; g[8][1]=0.0117145; g[8][2]=-0.541211
g[9][0]=-0.69452; g[9][1]=-0.52233; g[9][2]=0.494786
g[10][0]=0.800212; g[10][1]=-0.583022; g[10][2]=0.14052
g[11][0]=0.186259; g[11][1]=0.726623; g[11][2]=0.661307
g[12][0]=-0.683546; g[12][1]=0.202139; g[12][2]=-0.701359
g[13][0]=-0.407095; g[13][1]=0.91338; g[13][2]=0.00318091
g[14][0]=0.236539; g[14][1]=-0.83206; g[14][2]=-0.501723
g[15][0]=-0.494886; g[15][1]=0.280853; g[15][2]=0.822319